列车号,服务号,车站,到达,出发,,车站名称,列车编号
G433,32,1,23438,23458,,苹果园,T31
G433,32,2,23658,23688,,古城,T31
G433,32,3,23838,23868,,八角游乐园,T31
G433,32,4,24018,24043,,八宝山,T31
G433,32,5,24163,24198,,玉泉路,T31
G433,32,6,24338,24378,,五棵松,T31
G433,32,7,24513,24548,,万寿路,T31
G433,32,8,24658,24703,,公主坟,T31
G433,32,9,24803,24853,,军事博物馆,T31
G433,32,10,24953,24983,,木樨地,T31
G433,32,11,25103,25130,,南礼士路,T31
G433,32,12,25210,25260,,复兴门,T31
G433,32,13,25380,25424,,西单,T31
G433,32,14,25529,25555,,天安门西,T31
G433,32,15,25645,25673,,天安门东,T31
G433,32,16,25763,25793,,王府井,T31
G433,32,17,25878,25923,,东单,T31
G433,32,18,26033,26078,,建国门,T31
G433,32,19,26198,26228,,永安里,T31
G433,32,20,26313,26358,,国贸,T31
G433,32,21,26478,26523,,大望路,T31
G433,32,22,26666,26696,,四惠,T31
G433,32,23,26816,26816,,四惠东,T31
G433,34,1,23838,23858,,苹果园,T33
G433,34,2,24058,24088,,古城,T33
G433,34,3,24238,24268,,八角游乐园,T33
G433,34,4,24418,24443,,八宝山,T33
G433,34,5,24563,24598,,玉泉路,T33
G433,34,6,24738,24778,,五棵松,T33
G433,34,7,24913,24948,,万寿路,T33
G433,34,8,25058,25103,,公主坟,T33
G433,34,9,25203,25253,,军事博物馆,T33
G433,34,10,25353,25383,,木樨地,T33
G433,34,11,25503,25530,,南礼士路,T33
G433,34,12,25610,25660,,复兴门,T33
G433,34,13,25780,25824,,西单,T33
G433,34,14,25929,25955,,天安门西,T33
G433,34,15,26045,26073,,天安门东,T33
G433,34,16,26163,26193,,王府井,T33
G433,34,17,26278,26323,,东单,T33
G433,34,18,26433,26478,,建国门,T33
G433,34,19,26598,26628,,永安里,T33
G433,34,20,26713,26758,,国贸,T33
G433,34,21,26878,26923,,大望路,T33
G433,34,22,27066,27096,,四惠,T33
G433,34,23,27216,27216,,四惠东,T33
G433,32,1,24238,24258,,苹果园,T35
G433,32,2,24458,24488,,古城,T35
G433,32,3,24638,24668,,八角游乐园,T35
G433,32,4,24818,24843,,八宝山,T35
G433,32,5,24963,24998,,玉泉路,T35
G433,32,6,25138,25178,,五棵松,T35
G433,32,7,25313,25348,,万寿路,T35
G433,32,8,25458,25503,,公主坟,T35
G433,32,9,25603,25653,,军事博物馆,T35
G433,32,10,25753,25783,,木樨地,T35
G433,32,11,25903,25930,,南礼士路,T35
G433,32,12,26010,26060,,复兴门,T35
G433,32,13,26180,26224,,西单,T35
G433,32,14,26329,26355,,天安门西,T35
G433,32,15,26445,26473,,天安门东,T35
G433,32,16,26563,26593,,王府井,T35
G433,32,17,26678,26723,,东单,T35
G433,32,18,26833,26878,,建国门,T35
G433,32,19,26998,27028,,永安里,T35
G433,32,20,27113,27158,,国贸,T35
G433,32,21,27278,27323,,大望路,T35
G433,32,22,27466,27496,,四惠,T35
G433,32,23,27616,27616,,四惠东,T35
G433,34,1,24638,24658,,苹果园,T37
G433,34,2,24858,24888,,古城,T37
G433,34,3,25038,25068,,八角游乐园,T37
G433,34,4,25218,25243,,八宝山,T37
G433,34,5,25363,25398,,玉泉路,T37
G433,34,6,25538,25578,,五棵松,T37
G433,34,7,25713,25748,,万寿路,T37
G433,34,8,25858,25903,,公主坟,T37
G433,34,9,26003,26053,,军事博物馆,T37
G433,34,10,26153,26183,,木樨地,T37
G433,34,11,26303,26330,,南礼士路,T37
G433,34,12,26410,26460,,复兴门,T37
G433,34,13,26580,26624,,西单,T37
G433,34,14,26729,26755,,天安门西,T37
G433,34,15,26845,26873,,天安门东,T37
G433,34,16,26963,26993,,王府井,T37
G433,34,17,27078,27123,,东单,T37
G433,34,18,27233,27278,,建国门,T37
G433,34,19,27398,27428,,永安里,T37
G433,34,20,27513,27558,,国贸,T37
G433,34,21,27678,27723,,大望路,T37
G433,34,22,27866,27896,,四惠,T37
G433,34,23,28016,28016,,四惠东,T37
G433,32,1,25038,25058,,苹果园,T39
G433,32,2,25258,25288,,古城,T39
G433,32,3,25438,25468,,八角游乐园,T39
G433,32,4,25618,25643,,八宝山,T39
G433,32,5,25763,25798,,玉泉路,T39
G433,32,6,25938,25978,,五棵松,T39
G433,32,7,26113,26148,,万寿路,T39
G433,32,8,26258,26303,,公主坟,T39
G433,32,9,26403,26453,,军事博物馆,T39
G433,32,10,26553,26583,,木樨地,T39
G433,32,11,26703,26730,,南礼士路,T39
G433,32,12,26810,26860,,复兴门,T39
G433,32,13,26980,27024,,西单,T39
G433,32,14,27129,27155,,天安门西,T39
G433,32,15,27245,27273,,天安门东,T39
G433,32,16,27363,27393,,王府井,T39
G433,32,17,27478,27523,,东单,T39
G433,32,18,27633,27678,,建国门,T39
G433,32,19,27798,27828,,永安里,T39
G433,32,20,27913,27958,,国贸,T39
G433,32,21,28078,28123,,大望路,T39
G433,32,22,28266,28296,,四惠,T39
G433,32,23,28416,28416,,四惠东,T39
G433,34,1,25438,25458,,苹果园,T41
G433,34,2,25658,25688,,古城,T41
G433,34,3,25838,25868,,八角游乐园,T41
G433,34,4,26018,26043,,八宝山,T41
G433,34,5,26163,26198,,玉泉路,T41
G433,34,6,26338,26378,,五棵松,T41
G433,34,7,26513,26548,,万寿路,T41
G433,34,8,26658,26703,,公主坟,T41
G433,34,9,26803,26853,,军事博物馆,T41
G433,34,10,26953,26983,,木樨地,T41
G433,34,11,27103,27130,,南礼士路,T41
G433,34,12,27210,27260,,复兴门,T41
G433,34,13,27380,27424,,西单,T41
G433,34,14,27529,27555,,天安门西,T41
G433,34,15,27645,27673,,天安门东,T41
G433,34,16,27763,27793,,王府井,T41
G433,34,17,27878,27923,,东单,T41
G433,34,18,28033,28078,,建国门,T41
G433,34,19,28198,28228,,永安里,T41
G433,34,20,28313,28358,,国贸,T41
G433,34,21,28478,28523,,大望路,T41
G433,34,22,28666,28696,,四惠,T41
G433,34,23,28816,28816,,四惠东,T41
G433,32,1,25838,25858,,苹果园,T43
G433,32,2,26058,26088,,古城,T43
G433,32,3,26238,26268,,八角游乐园,T43
G433,32,4,26418,26443,,八宝山,T43
G433,32,5,26563,26598,,玉泉路,T43
G433,32,6,26738,26778,,五棵松,T43
G433,32,7,26913,26948,,万寿路,T43
G433,32,8,27058,27103,,公主坟,T43
G433,32,9,27203,27253,,军事博物馆,T43
G433,32,10,27353,27383,,木樨地,T43
G433,32,11,27503,27530,,南礼士路,T43
G433,32,12,27610,27660,,复兴门,T43
G433,32,13,27780,27824,,西单,T43
G433,32,14,27929,27955,,天安门西,T43
G433,32,15,28045,28073,,天安门东,T43
G433,32,16,28163,28193,,王府井,T43
G433,32,17,28278,28323,,东单,T43
G433,32,18,28433,28478,,建国门,T43
G433,32,19,28598,28628,,永安里,T43
G433,32,20,28713,28758,,国贸,T43
G433,32,21,28878,28923,,大望路,T43
G433,32,22,29066,29096,,四惠,T43
G433,32,23,29216,29216,,四惠东,T43
G433,34,1,26238,26258,,苹果园,T45
G433,34,2,26458,26488,,古城,T45
G433,34,3,26638,26668,,八角游乐园,T45
G433,34,4,26818,26843,,八宝山,T45
G433,34,5,26963,26998,,玉泉路,T45
G433,34,6,27138,27178,,五棵松,T45
G433,34,7,27313,27348,,万寿路,T45
G433,34,8,27458,27503,,公主坟,T45
G433,34,9,27603,27653,,军事博物馆,T45
G433,34,10,27753,27783,,木樨地,T45
G433,34,11,27903,27930,,南礼士路,T45
G433,34,12,28010,28060,,复兴门,T45
G433,34,13,28180,28224,,西单,T45
G433,34,14,28329,28355,,天安门西,T45
G433,34,15,28445,28473,,天安门东,T45
G433,34,16,28563,28593,,王府井,T45
G433,34,17,28678,28723,,东单,T45
G433,34,18,28833,28878,,建国门,T45
G433,34,19,28998,29028,,永安里,T45
G433,34,20,29113,29158,,国贸,T45
G433,34,21,29278,29323,,大望路,T45
G433,34,22,29466,29496,,四惠,T45
G433,34,23,29616,29616,,四惠东,T45
G433,32,1,26638,26658,,苹果园,T47
G433,32,2,26858,26888,,古城,T47
G433,32,3,27038,27068,,八角游乐园,T47
G433,32,4,27218,27243,,八宝山,T47
G433,32,5,27363,27398,,玉泉路,T47
G433,32,6,27538,27578,,五棵松,T47
G433,32,7,27713,27748,,万寿路,T47
G433,32,8,27858,27903,,公主坟,T47
G433,32,9,28003,28053,,军事博物馆,T47
G433,32,10,28153,28183,,木樨地,T47
G433,32,11,28303,28330,,南礼士路,T47
G433,32,12,28410,28460,,复兴门,T47
G433,32,13,28580,28624,,西单,T47
G433,32,14,28729,28755,,天安门西,T47
G433,32,15,28845,28873,,天安门东,T47
G433,32,16,28963,28993,,王府井,T47
G433,32,17,29078,29123,,东单,T47
G433,32,18,29233,29278,,建国门,T47
G433,32,19,29398,29428,,永安里,T47
G433,32,20,29513,29558,,国贸,T47
G433,32,21,29678,29723,,大望路,T47
G433,32,22,29866,29896,,四惠,T47
G433,32,23,30016,30016,,四惠东,T47
G433,34,1,27038,27058,,苹果园,T49
G433,34,2,27258,27288,,古城,T49
G433,34,3,27438,27468,,八角游乐园,T49
G433,34,4,27618,27643,,八宝山,T49
G433,34,5,27763,27798,,玉泉路,T49
G433,34,6,27938,27978,,五棵松,T49
G433,34,7,28113,28148,,万寿路,T49
G433,34,8,28258,28303,,公主坟,T49
G433,34,9,28403,28453,,军事博物馆,T49
G433,34,10,28553,28583,,木樨地,T49
G433,34,11,28703,28730,,南礼士路,T49
G433,34,12,28810,28860,,复兴门,T49
G433,34,13,28980,29024,,西单,T49
G433,34,14,29129,29155,,天安门西,T49
G433,34,15,29245,29273,,天安门东,T49
G433,34,16,29363,29393,,王府井,T49
G433,34,17,29478,29523,,东单,T49
G433,34,18,29633,29678,,建国门,T49
G433,34,19,29798,29828,,永安里,T49
G433,34,20,29913,29958,,国贸,T49
G433,34,21,30078,30123,,大望路,T49
G433,34,22,30266,30296,,四惠,T49
G433,34,23,30416,30416,,四惠东,T49
G433,32,1,27428,27448,,苹果园,T49
G433,32,2,27648,27678,,古城,T49
G433,32,3,27828,27858,,八角游乐园,T49
G433,32,4,28008,28033,,八宝山,T49
G433,32,5,28153,28188,,玉泉路,T49
G433,32,6,28328,28368,,五棵松,T49
G433,32,7,28503,28538,,万寿路,T49
G433,32,8,28648,28693,,公主坟,T49
G433,32,9,28793,28843,,军事博物馆,T49
G433,32,10,28943,28973,,木樨地,T49
G433,32,11,29093,29120,,南礼士路,T49
G433,32,12,29200,29250,,复兴门,T49
G433,32,13,29370,29414,,西单,T49
G433,32,14,29519,29545,,天安门西,T49
G433,32,15,29635,29663,,天安门东,T49
G433,32,16,29753,29783,,王府井,T49
G433,32,17,29868,29913,,东单,T49
G433,32,18,30023,30068,,建国门,T49
G433,32,19,30188,30218,,永安里,T49
G433,32,20,30303,30348,,国贸,T49
G433,32,21,30468,30513,,大望路,T49
G433,32,22,30656,30686,,四惠,T49
G433,32,23,30806,30806,,四惠东,T49
G433,34,1,27803,27823,,苹果园,T49
G433,34,2,28023,28053,,古城,T49
G433,34,3,28203,28233,,八角游乐园,T49
G433,34,4,28383,28408,,八宝山,T49
G433,34,5,28528,28563,,玉泉路,T49
G433,34,6,28703,28743,,五棵松,T49
G433,34,7,28878,28913,,万寿路,T49
G433,34,8,29023,29068,,公主坟,T49
G433,34,9,29168,29218,,军事博物馆,T49
G433,34,10,29318,29348,,木樨地,T49
G433,34,11,29468,29495,,南礼士路,T49
G433,34,12,29575,29625,,复兴门,T49
G433,34,13,29745,29789,,西单,T49
G433,34,14,29894,29920,,天安门西,T49
G433,34,15,30010,30038,,天安门东,T49
G433,34,16,30128,30158,,王府井,T49
G433,34,17,30243,30288,,东单,T49
G433,34,18,30398,30443,,建国门,T49
G433,34,19,30563,30593,,永安里,T49
G433,34,20,30678,30723,,国贸,T49
G433,34,21,30843,30888,,大望路,T49
G433,34,22,31031,31061,,四惠,T49
G433,34,23,31181,31181,,四惠东,T49
G433,32,1,28178,28198,,苹果园,T49
G433,32,2,28398,28428,,古城,T49
G433,32,3,28578,28608,,八角游乐园,T49
G433,32,4,28758,28783,,八宝山,T49
G433,32,5,28903,28938,,玉泉路,T49
G433,32,6,29078,29118,,五棵松,T49
G433,32,7,29253,29288,,万寿路,T49
G433,32,8,29398,29443,,公主坟,T49
G433,32,9,29543,29593,,军事博物馆,T49
G433,32,10,29693,29723,,木樨地,T49
G433,32,11,29843,29870,,南礼士路,T49
G433,32,12,29950,30000,,复兴门,T49
G433,32,13,30120,30164,,西单,T49
G433,32,14,30269,30295,,天安门西,T49
G433,32,15,30385,30413,,天安门东,T49
G433,32,16,30503,30533,,王府井,T49
G433,32,17,30618,30663,,东单,T49
G433,32,18,30773,30818,,建国门,T49
G433,32,19,30938,30968,,永安里,T49
G433,32,20,31053,31098,,国贸,T49
G433,32,21,31218,31263,,大望路,T49
G433,32,22,31406,31436,,四惠,T49
G433,32,23,31556,31556,,四惠东,T49
G433,34,1,28553,28573,,苹果园,T49
G433,34,2,28773,28803,,古城,T49
G433,34,3,28953,28983,,八角游乐园,T49
G433,34,4,29133,29158,,八宝山,T49
G433,34,5,29278,29313,,玉泉路,T49
G433,34,6,29453,29493,,五棵松,T49
G433,34,7,29628,29663,,万寿路,T49
G433,34,8,29773,29818,,公主坟,T49
G433,34,9,29918,29968,,军事博物馆,T49
G433,34,10,30068,30098,,木樨地,T49
G433,34,11,30218,30245,,南礼士路,T49
G433,34,12,30325,30375,,复兴门,T49
G433,34,13,30495,30539,,西单,T49
G433,34,14,30644,30670,,天安门西,T49
G433,34,15,30760,30788,,天安门东,T49
G433,34,16,30878,30908,,王府井,T49
G433,34,17,30993,31038,,东单,T49
G433,34,18,31148,31193,,建国门,T49
G433,34,19,31313,31343,,永安里,T49
G433,34,20,31428,31473,,国贸,T49
G433,34,21,31593,31638,,大望路,T49
G433,34,22,31781,31811,,四惠,T49
G433,34,23,31931,31931,,四惠东,T49
G433,32,1,28928,28948,,苹果园,T49
G433,32,2,29148,29178,,古城,T49
G433,32,3,29328,29358,,八角游乐园,T49
G433,32,4,29508,29533,,八宝山,T49
G433,32,5,29653,29688,,玉泉路,T49
G433,32,6,29828,29868,,五棵松,T49
G433,32,7,30003,30038,,万寿路,T49
G433,32,8,30148,30193,,公主坟,T49
G433,32,9,30293,30343,,军事博物馆,T49
G433,32,10,30443,30473,,木樨地,T49
G433,32,11,30593,30620,,南礼士路,T49
G433,32,12,30700,30750,,复兴门,T49
G433,32,13,30870,30914,,西单,T49
G433,32,14,31019,31045,,天安门西,T49
G433,32,15,31135,31163,,天安门东,T49
G433,32,16,31253,31283,,王府井,T49
G433,32,17,31368,31413,,东单,T49
G433,32,18,31523,31568,,建国门,T49
G433,32,19,31688,31718,,永安里,T49
G433,32,20,31803,31848,,国贸,T49
G433,32,21,31968,32013,,大望路,T49
G433,32,22,32156,32186,,四惠,T49
G433,32,23,32306,32306,,四惠东,T49
G433,34,1,29303,29323,,苹果园,T49
G433,34,2,29523,29553,,古城,T49
G433,34,3,29703,29733,,八角游乐园,T49
G433,34,4,29883,29908,,八宝山,T49
G433,34,5,30028,30063,,玉泉路,T49
G433,34,6,30203,30243,,五棵松,T49
G433,34,7,30378,30413,,万寿路,T49
G433,34,8,30523,30568,,公主坟,T49
G433,34,9,30668,30718,,军事博物馆,T49
G433,34,10,30818,30848,,木樨地,T49
G433,34,11,30968,30995,,南礼士路,T49
G433,34,12,31075,31125,,复兴门,T49
G433,34,13,31245,31289,,西单,T49
G433,34,14,31394,31420,,天安门西,T49
G433,34,15,31510,31538,,天安门东,T49
G433,34,16,31628,31658,,王府井,T49
G433,34,17,31743,31788,,东单,T49
G433,34,18,31898,31943,,建国门,T49
G433,34,19,32063,32093,,永安里,T49
G433,34,20,32178,32223,,国贸,T49
G433,34,21,32343,32388,,大望路,T49
G433,34,22,32531,32561,,四惠,T49
G433,34,23,32681,32681,,四惠东,T49
G433,32,1,29678,29698,,苹果园,T49
G433,32,2,29898,29928,,古城,T49
G433,32,3,30078,30108,,八角游乐园,T49
G433,32,4,30258,30283,,八宝山,T49
G433,32,5,30403,30438,,玉泉路,T49
G433,32,6,30578,30618,,五棵松,T49
G433,32,7,30753,30788,,万寿路,T49
G433,32,8,30898,30943,,公主坟,T49
G433,32,9,31043,31093,,军事博物馆,T49
G433,32,10,31193,31223,,木樨地,T49
G433,32,11,31343,31370,,南礼士路,T49
G433,32,12,31450,31500,,复兴门,T49
G433,32,13,31620,31664,,西单,T49
G433,32,14,31769,31795,,天安门西,T49
G433,32,15,31885,31913,,天安门东,T49
G433,32,16,32003,32033,,王府井,T49
G433,32,17,32118,32163,,东单,T49
G433,32,18,32273,32318,,建国门,T49
G433,32,19,32438,32468,,永安里,T49
G433,32,20,32553,32598,,国贸,T49
G433,32,21,32718,32763,,大望路,T49
G433,32,22,32906,32936,,四惠,T49
G433,32,23,33056,33056,,四惠东,T49
G433,34,1,30053,30073,,苹果园,T49
G433,34,2,30273,30303,,古城,T49
G433,34,3,30453,30483,,八角游乐园,T49
G433,34,4,30633,30658,,八宝山,T49
G433,34,5,30778,30813,,玉泉路,T49
G433,34,6,30953,30993,,五棵松,T49
G433,34,7,31128,31163,,万寿路,T49
G433,34,8,31273,31318,,公主坟,T49
G433,34,9,31418,31468,,军事博物馆,T49
G433,34,10,31568,31598,,木樨地,T49
G433,34,11,31718,31745,,南礼士路,T49
G433,34,12,31825,31875,,复兴门,T49
G433,34,13,31995,32039,,西单,T49
G433,34,14,32144,32170,,天安门西,T49
G433,34,15,32260,32288,,天安门东,T49
G433,34,16,32378,32408,,王府井,T49
G433,34,17,32493,32538,,东单,T49
G433,34,18,32648,32693,,建国门,T49
G433,34,19,32813,32843,,永安里,T49
G433,34,20,32928,32973,,国贸,T49
G433,34,21,33093,33138,,大望路,T49
G433,34,22,33281,33311,,四惠,T49
G433,34,23,33431,33431,,四惠东,T49
G433,32,1,30428,30448,,苹果园,T49
G433,32,2,30648,30678,,古城,T49
G433,32,3,30828,30858,,八角游乐园,T49
G433,32,4,31008,31033,,八宝山,T49
G433,32,5,31153,31188,,玉泉路,T49
G433,32,6,31328,31368,,五棵松,T49
G433,32,7,31503,31538,,万寿路,T49
G433,32,8,31648,31693,,公主坟,T49
G433,32,9,31793,31843,,军事博物馆,T49
G433,32,10,31943,31973,,木樨地,T49
G433,32,11,32093,32120,,南礼士路,T49
G433,32,12,32200,32250,,复兴门,T49
G433,32,13,32370,32414,,西单,T49
G433,32,14,32519,32545,,天安门西,T49
G433,32,15,32635,32663,,天安门东,T49
G433,32,16,32753,32783,,王府井,T49
G433,32,17,32868,32913,,东单,T49
G433,32,18,33023,33068,,建国门,T49
G433,32,19,33188,33218,,永安里,T49
G433,32,20,33303,33348,,国贸,T49
G433,32,21,33468,33513,,大望路,T49
G433,32,22,33656,33686,,四惠,T49
G433,32,23,33806,33806,,四惠东,T49
G433,34,1,30803,30823,,苹果园,T49
G433,34,2,31023,31053,,古城,T49
G433,34,3,31203,31233,,八角游乐园,T49
G433,34,4,31383,31408,,八宝山,T49
G433,34,5,31528,31563,,玉泉路,T49
G433,34,6,31703,31743,,五棵松,T49
G433,34,7,31878,31913,,万寿路,T49
G433,34,8,32023,32068,,公主坟,T49
G433,34,9,32168,32218,,军事博物馆,T49
G433,34,10,32318,32348,,木樨地,T49
G433,34,11,32468,32495,,南礼士路,T49
G433,34,12,32575,32625,,复兴门,T49
G433,34,13,32745,32789,,西单,T49
G433,34,14,32894,32920,,天安门西,T49
G433,34,15,33010,33038,,天安门东,T49
G433,34,16,33128,33158,,王府井,T49
G433,34,17,33243,33288,,东单,T49
G433,34,18,33398,33443,,建国门,T49
G433,34,19,33563,33593,,永安里,T49
G433,34,20,33678,33723,,国贸,T49
G433,34,21,33843,33888,,大望路,T49
G433,34,22,34031,34061,,四惠,T49
G433,34,23,34181,34181,,四惠东,T49
G433,32,1,31178,31198,,苹果园,T49
G433,32,2,31398,31428,,古城,T49
G433,32,3,31578,31608,,八角游乐园,T49
G433,32,4,31758,31783,,八宝山,T49
G433,32,5,31903,31938,,玉泉路,T49
G433,32,6,32078,32118,,五棵松,T49
G433,32,7,32253,32288,,万寿路,T49
G433,32,8,32398,32443,,公主坟,T49
G433,32,9,32543,32593,,军事博物馆,T49
G433,32,10,32693,32723,,木樨地,T49
G433,32,11,32843,32870,,南礼士路,T49
G433,32,12,32950,33000,,复兴门,T49
G433,32,13,33120,33164,,西单,T49
G433,32,14,33269,33295,,天安门西,T49
G433,32,15,33385,33413,,天安门东,T49
G433,32,16,33503,33533,,王府井,T49
G433,32,17,33618,33663,,东单,T49
G433,32,18,33773,33818,,建国门,T49
G433,32,19,33938,33968,,永安里,T49
G433,32,20,34053,34098,,国贸,T49
G433,32,21,34218,34263,,大望路,T49
G433,32,22,34406,34436,,四惠,T49
G433,32,23,34556,34556,,四惠东,T49
G433,34,1,31553,31573,,苹果园,T49
G433,34,2,31773,31803,,古城,T49
G433,34,3,31953,31983,,八角游乐园,T49
G433,34,4,32133,32158,,八宝山,T49
G433,34,5,32278,32313,,玉泉路,T49
G433,34,6,32453,32493,,五棵松,T49
G433,34,7,32628,32663,,万寿路,T49
G433,34,8,32773,32818,,公主坟,T49
G433,34,9,32918,32968,,军事博物馆,T49
G433,34,10,33068,33098,,木樨地,T49
G433,34,11,33218,33245,,南礼士路,T49
G433,34,12,33325,33375,,复兴门,T49
G433,34,13,33495,33539,,西单,T49
G433,34,14,33644,33670,,天安门西,T49
G433,34,15,33760,33788,,天安门东,T49
G433,34,16,33878,33908,,王府井,T49
G433,34,17,33993,34038,,东单,T49
G433,34,18,34148,34193,,建国门,T49
G433,34,19,34313,34343,,永安里,T49
G433,34,20,34428,34473,,国贸,T49
G433,34,21,34593,34638,,大望路,T49
G433,34,22,34781,34811,,四惠,T49
G433,34,23,34931,34931,,四惠东,T49
G433,32,1,31928,31948,,苹果园,T49
G433,32,2,32148,32178,,古城,T49
G433,32,3,32328,32358,,八角游乐园,T49
G433,32,4,32508,32533,,八宝山,T49
G433,32,5,32653,32688,,玉泉路,T49
G433,32,6,32828,32868,,五棵松,T49
G433,32,7,33003,33038,,万寿路,T49
G433,32,8,33148,33193,,公主坟,T49
G433,32,9,33293,33343,,军事博物馆,T49
G433,32,10,33443,33473,,木樨地,T49
G433,32,11,33593,33620,,南礼士路,T49
G433,32,12,33700,33750,,复兴门,T49
G433,32,13,33870,33914,,西单,T49
G433,32,14,34019,34045,,天安门西,T49
G433,32,15,34135,34163,,天安门东,T49
G433,32,16,34253,34283,,王府井,T49
G433,32,17,34368,34413,,东单,T49
G433,32,18,34523,34568,,建国门,T49
G433,32,19,34688,34718,,永安里,T49
G433,32,20,34803,34848,,国贸,T49
G433,32,21,34968,35013,,大望路,T49
G433,32,22,35156,35186,,四惠,T49
G433,32,23,35306,35306,,四惠东,T49
G433,34,1,32303,32323,,苹果园,T49
G433,34,2,32523,32553,,古城,T49
G433,34,3,32703,32733,,八角游乐园,T49
G433,34,4,32883,32908,,八宝山,T49
G433,34,5,33028,33063,,玉泉路,T49
G433,34,6,33203,33243,,五棵松,T49
G433,34,7,33378,33413,,万寿路,T49
G433,34,8,33523,33568,,公主坟,T49
G433,34,9,33668,33718,,军事博物馆,T49
G433,34,10,33818,33848,,木樨地,T49
G433,34,11,33968,33995,,南礼士路,T49
G433,34,12,34075,34125,,复兴门,T49
G433,34,13,34245,34289,,西单,T49
G433,34,14,34394,34420,,天安门西,T49
G433,34,15,34510,34538,,天安门东,T49
G433,34,16,34628,34658,,王府井,T49
G433,34,17,34743,34788,,东单,T49
G433,34,18,34898,34943,,建国门,T49
G433,34,19,35063,35093,,永安里,T49
G433,34,20,35178,35223,,国贸,T49
G433,34,21,35343,35388,,大望路,T49
G433,34,22,35531,35561,,四惠,T49
G433,34,23,35681,35681,,四惠东,T49
G433,32,1,32678,32698,,苹果园,T49
G433,32,2,32898,32928,,古城,T49
G433,32,3,33078,33108,,八角游乐园,T49
G433,32,4,33258,33283,,八宝山,T49
G433,32,5,33403,33438,,玉泉路,T49
G433,32,6,33578,33618,,五棵松,T49
G433,32,7,33753,33788,,万寿路,T49
G433,32,8,33898,33943,,公主坟,T49
G433,32,9,34043,34093,,军事博物馆,T49
G433,32,10,34193,34223,,木樨地,T49
G433,32,11,34343,34370,,南礼士路,T49
G433,32,12,34450,34500,,复兴门,T49
G433,32,13,34620,34664,,西单,T49
G433,32,14,34769,34795,,天安门西,T49
G433,32,15,34885,34913,,天安门东,T49
G433,32,16,35003,35033,,王府井,T49
G433,32,17,35118,35163,,东单,T49
G433,32,18,35273,35318,,建国门,T49
G433,32,19,35438,35468,,永安里,T49
G433,32,20,35553,35598,,国贸,T49
G433,32,21,35718,35763,,大望路,T49
G433,32,22,35906,35936,,四惠,T49
G433,32,23,36056,36056,,四惠东,T49
S405,8,23,23331,23331,,四惠东,T7
S405,8,22,23471,23501,,四惠,T7
S405,8,21,23644,23689,,大望路,T7
S405,8,20,23809,23854,,国贸,T7
S405,8,19,23939,23969,,永安里,T7
S405,8,18,24089,24134,,建国门,T7
S405,8,17,24244,24289,,东单,T7
S405,8,16,24374,24404,,王府井,T7
S405,8,15,24494,24520,,天东,T7
S405,8,14,24610,24636,,天西,T7
S405,8,13,24741,24786,,西单,T7
S405,8,12,24906,24956,,复兴门,T7
S405,8,11,25016,25042,,礼士路,T7
S405,8,10,25162,25192,,木樨地,T7
S405,8,9,25292,25342,,军博,T7
S405,8,8,25442,25483,,公主坟,T7
S405,8,7,25593,25628,,万寿路,T7
S405,8,6,25763,25798,,五棵松,T7
S405,8,5,25938,25968,,玉泉路,T7
S405,8,4,26088,26118,,八宝山,T7
S405,8,3,26268,26298,,八角村,T7
S405,8,2,26448,26478,,古城,T7
S405,8,1,26678,26678,,苹果园,T7
S405,10,23,23741,23741,,四惠东,T9
S405,10,22,23881,23911,,四惠,T9
S405,10,21,24054,24099,,大望路,T9
S405,10,20,24219,24264,,国贸,T9
S405,10,19,24349,24379,,永安里,T9
S405,10,18,24499,24544,,建国门,T9
S405,10,17,24654,24699,,东单,T9
S405,10,16,24784,24814,,王府井,T9
S405,10,15,24904,24930,,天东,T9
S405,10,14,25020,25046,,天西,T9
S405,10,13,25151,25196,,西单,T9
S405,10,12,25316,25366,,复兴门,T9
S405,10,11,25426,25452,,礼士路,T9
S405,10,10,25572,25602,,木樨地,T9
S405,10,9,25702,25752,,军博,T9
S405,10,8,25852,25893,,公主坟,T9
S405,10,7,26003,26038,,万寿路,T9
S405,10,6,26173,26208,,五棵松,T9
S405,10,5,26348,26378,,玉泉路,T9
S405,10,4,26498,26528,,八宝山,T9
S405,10,3,26678,26708,,八角村,T9
S405,10,2,26858,26888,,古城,T9
S405,10,1,27088,27088,,苹果园,T9
S405,12,23,24151,24151,,四惠东,T11
S405,12,22,24291,24321,,四惠,T11
S405,12,21,24464,24509,,大望路,T11
S405,12,20,24629,24674,,国贸,T11
S405,12,19,24759,24789,,永安里,T11
S405,12,18,24909,24954,,建国门,T11
S405,12,17,25064,25109,,东单,T11
S405,12,16,25194,25224,,王府井,T11
S405,12,15,25314,25340,,天东,T11
S405,12,14,25430,25456,,天西,T11
S405,12,13,25561,25606,,西单,T11
S405,12,12,25726,25776,,复兴门,T11
S405,12,11,25836,25862,,礼士路,T11
S405,12,10,25982,26012,,木樨地,T11
S405,12,9,26112,26162,,军博,T11
S405,12,8,26262,26303,,公主坟,T11
S405,12,7,26413,26448,,万寿路,T11
S405,12,6,26583,26618,,五棵松,T11
S405,12,5,26758,26788,,玉泉路,T11
S405,12,4,26908,26938,,八宝山,T11
S405,12,3,27088,27118,,八角村,T11
S405,12,2,27268,27298,,古城,T11
S405,12,1,27498,27498,,苹果园,T11
S405,14,23,24561,24561,,四惠东,T13
S405,14,22,24701,24731,,四惠,T13
S405,14,21,24874,24919,,大望路,T13
S405,14,20,25039,25084,,国贸,T13
S405,14,19,25169,25199,,永安里,T13
S405,14,18,25319,25364,,建国门,T13
S405,14,17,25474,25519,,东单,T13
S405,14,16,25604,25634,,王府井,T13
S405,14,15,25724,25750,,天东,T13
S405,14,14,25840,25866,,天西,T13
S405,14,13,25971,26016,,西单,T13
S405,14,12,26136,26186,,复兴门,T13
S405,14,11,26246,26272,,礼士路,T13
S405,14,10,26392,26422,,木樨地,T13
S405,14,9,26522,26572,,军博,T13
S405,14,8,26672,26713,,公主坟,T13
S405,14,7,26823,26858,,万寿路,T13
S405,14,6,26993,27028,,五棵松,T13
S405,14,5,27168,27198,,玉泉路,T13
S405,14,4,27318,27348,,八宝山,T13
S405,14,3,27498,27528,,八角村,T13
S405,14,2,27678,27708,,古城,T13
S405,14,1,27908,27908,,苹果园,T13
S405,16,23,24971,24971,,四惠东,T15
S405,16,22,25111,25141,,四惠,T15
S405,16,21,25284,25329,,大望路,T15
S405,16,20,25449,25494,,国贸,T15
S405,16,19,25579,25609,,永安里,T15
S405,16,18,25729,25774,,建国门,T15
S405,16,17,25884,25929,,东单,T15
S405,16,16,26014,26044,,王府井,T15
S405,16,15,26134,26160,,天东,T15
S405,16,14,26250,26276,,天西,T15
S405,16,13,26381,26426,,西单,T15
S405,16,12,26546,26596,,复兴门,T15
S405,16,11,26656,26682,,礼士路,T15
S405,16,10,26802,26832,,木樨地,T15
S405,16,9,26932,26982,,军博,T15
S405,16,8,27082,27123,,公主坟,T15
S405,16,7,27233,27268,,万寿路,T15
S405,16,6,27403,27438,,五棵松,T15
S405,16,5,27578,27608,,玉泉路,T15
S405,16,4,27728,27758,,八宝山,T15
S405,16,3,27908,27938,,八角村,T15
S405,16,2,28088,28118,,古城,T15
S405,16,1,28318,28318,,苹果园,T15
S405,18,23,25381,25381,,四惠东,T17
S405,18,22,25521,25551,,四惠,T17
S405,18,21,25694,25739,,大望路,T17
S405,18,20,25859,25904,,国贸,T17
S405,18,19,25989,26019,,永安里,T17
S405,18,18,26139,26184,,建国门,T17
S405,18,17,26294,26339,,东单,T17
S405,18,16,26424,26454,,王府井,T17
S405,18,15,26544,26570,,天东,T17
S405,18,14,26660,26686,,天西,T17
S405,18,13,26791,26836,,西单,T17
S405,18,12,26956,27006,,复兴门,T17
S405,18,11,27066,27092,,礼士路,T17
S405,18,10,27212,27242,,木樨地,T17
S405,18,9,27342,27392,,军博,T17
S405,18,8,27492,27533,,公主坟,T17
S405,18,7,27643,27678,,万寿路,T17
S405,18,6,27813,27848,,五棵松,T17
S405,18,5,27988,28018,,玉泉路,T17
S405,18,4,28138,28168,,八宝山,T17
S405,18,3,28318,28348,,八角村,T17
S405,18,2,28498,28528,,古城,T17
S405,18,1,28728,28728,,苹果园,T17
S405,20,23,25791,25791,,四惠东,T19
S405,20,22,25931,25961,,四惠,T19
S405,20,21,26104,26149,,大望路,T19
S405,20,20,26269,26314,,国贸,T19
S405,20,19,26399,26429,,永安里,T19
S405,20,18,26549,26594,,建国门,T19
S405,20,17,26704,26749,,东单,T19
S405,20,16,26834,26864,,王府井,T19
S405,20,15,26954,26980,,天东,T19
S405,20,14,27070,27096,,天西,T19
S405,20,13,27201,27246,,西单,T19
S405,20,12,27366,27416,,复兴门,T19
S405,20,11,27476,27502,,礼士路,T19
S405,20,10,27622,27652,,木樨地,T19
S405,20,9,27752,27802,,军博,T19
S405,20,8,27902,27943,,公主坟,T19
S405,20,7,28053,28088,,万寿路,T19
S405,20,6,28223,28258,,五棵松,T19
S405,20,5,28398,28428,,玉泉路,T19
S405,20,4,28548,28578,,八宝山,T19
S405,20,3,28728,28758,,八角村,T19
S405,20,2,28908,28938,,古城,T19
S405,20,1,29138,29138,,苹果园,T19
S405,22,23,26201,26201,,四惠东,T21
S405,22,22,26341,26371,,四惠,T21
S405,22,21,26514,26559,,大望路,T21
S405,22,20,26679,26724,,国贸,T21
S405,22,19,26809,26839,,永安里,T21
S405,22,18,26959,27004,,建国门,T21
S405,22,17,27114,27159,,东单,T21
S405,22,16,27244,27274,,王府井,T21
S405,22,15,27364,27390,,天东,T21
S405,22,14,27480,27506,,天西,T21
S405,22,13,27611,27656,,西单,T21
S405,22,12,27776,27826,,复兴门,T21
S405,22,11,27886,27912,,礼士路,T21
S405,22,10,28032,28062,,木樨地,T21
S405,22,9,28162,28212,,军博,T21
S405,22,8,28312,28353,,公主坟,T21
S405,22,7,28463,28498,,万寿路,T21
S405,22,6,28633,28668,,五棵松,T21
S405,22,5,28808,28838,,玉泉路,T21
S405,22,4,28958,28988,,八宝山,T21
S405,22,3,29138,29168,,八角村,T21
S405,22,2,29318,29348,,古城,T21
S405,22,1,29548,29548,,苹果园,T21
S405,24,23,26611,26611,,四惠东,T21
S405,24,22,26751,26781,,四惠,T21
S405,24,21,26924,26969,,大望路,T21
S405,24,20,27089,27134,,国贸,T21
S405,24,19,27219,27249,,永安里,T21
S405,24,18,27369,27414,,建国门,T21
S405,24,17,27524,27569,,东单,T21
S405,24,16,27654,27684,,王府井,T21
S405,24,15,27774,27800,,天东,T21
S405,24,14,27890,27916,,天西,T21
S405,24,13,28021,28066,,西单,T21
S405,24,12,28186,28236,,复兴门,T21
S405,24,11,28296,28322,,礼士路,T21
S405,24,10,28442,28472,,木樨地,T21
S405,24,9,28572,28622,,军博,T21
S405,24,8,28722,28763,,公主坟,T21
S405,24,7,28873,28908,,万寿路,T21
S405,24,6,29043,29078,,五棵松,T21
S405,24,5,29218,29248,,玉泉路,T21
S405,24,4,29368,29398,,八宝山,T21
S405,24,3,29548,29578,,八角村,T21
S405,24,2,29728,29758,,古城,T21
S405,24,1,29958,29958,,苹果园,T21
S405,22,23,27021,27021,,四惠东,T21
S405,22,22,27161,27191,,四惠,T21
S405,22,21,27334,27379,,大望路,T21
S405,22,20,27499,27544,,国贸,T21
S405,22,19,27629,27659,,永安里,T21
S405,22,18,27779,27824,,建国门,T21
S405,22,17,27934,27979,,东单,T21
S405,22,16,28064,28094,,王府井,T21
S405,22,15,28184,28210,,天东,T21
S405,22,14,28300,28326,,天西,T21
S405,22,13,28431,28476,,西单,T21
S405,22,12,28596,28646,,复兴门,T21
S405,22,11,28706,28732,,礼士路,T21
S405,22,10,28852,28882,,木樨地,T21
S405,22,9,28982,29032,,军博,T21
S405,22,8,29132,29173,,公主坟,T21
S405,22,7,29283,29318,,万寿路,T21
S405,22,6,29453,29488,,五棵松,T21
S405,22,5,29628,29658,,玉泉路,T21
S405,22,4,29778,29808,,八宝山,T21
S405,22,3,29958,29988,,八角村,T21
S405,22,2,30138,30168,,古城,T21
S405,22,1,30368,30368,,苹果园,T21
S405,32,23,27409,27409,,四惠东,T21
S405,32,22,27549,27579,,四惠,T21
S405,32,21,27722,27767,,大望路,T21
S405,32,20,27887,27932,,国贸,T21
S405,32,19,28017,28047,,永安里,T21
S405,32,18,28167,28212,,建国门,T21
S405,32,17,28322,28367,,东单,T21
S405,32,16,28452,28482,,王府井,T21
S405,32,15,28572,28598,,天东,T21
S405,32,14,28688,28714,,天西,T21
S405,32,13,28819,28864,,西单,T21
S405,32,12,28984,29034,,复兴门,T21
S405,32,11,29094,29120,,礼士路,T21
S405,32,10,29240,29270,,木樨地,T21
S405,32,9,29370,29420,,军博,T21
S405,32,8,29520,29561,,公主坟,T21
S405,32,7,29671,29706,,万寿路,T21
S405,32,6,29841,29876,,五棵松,T21
S405,32,5,30016,30046,,玉泉路,T21
S405,32,4,30166,30196,,八宝山,T21
S405,32,3,30346,30376,,八角村,T21
S405,32,2,30526,30556,,古城,T21
S405,32,1,30756,30756,,苹果园,T21
S405,24,23,27782,27782,,四惠东,T21
S405,24,22,27922,27952,,四惠,T21
S405,24,21,28095,28140,,大望路,T21
S405,24,20,28260,28305,,国贸,T21
S405,24,19,28390,28420,,永安里,T21
S405,24,18,28540,28585,,建国门,T21
S405,24,17,28695,28740,,东单,T21
S405,24,16,28825,28855,,王府井,T21
S405,24,15,28945,28971,,天东,T21
S405,24,14,29061,29087,,天西,T21
S405,24,13,29192,29237,,西单,T21
S405,24,12,29357,29407,,复兴门,T21
S405,24,11,29467,29493,,礼士路,T21
S405,24,10,29613,29643,,木樨地,T21
S405,24,9,29743,29793,,军博,T21
S405,24,8,29893,29934,,公主坟,T21
S405,24,7,30044,30079,,万寿路,T21
S405,24,6,30214,30249,,五棵松,T21
S405,24,5,30389,30419,,玉泉路,T21
S405,24,4,30539,30569,,八宝山,T21
S405,24,3,30719,30749,,八角村,T21
S405,24,2,30899,30929,,古城,T21
S405,24,1,31129,31129,,苹果园,T21
S405,22,23,28155,28155,,四惠东,T21
S405,22,22,28295,28325,,四惠,T21
S405,22,21,28468,28513,,大望路,T21
S405,22,20,28633,28678,,国贸,T21
S405,22,19,28763,28793,,永安里,T21
S405,22,18,28913,28958,,建国门,T21
S405,22,17,29068,29113,,东单,T21
S405,22,16,29198,29228,,王府井,T21
S405,22,15,29318,29344,,天东,T21
S405,22,14,29434,29460,,天西,T21
S405,22,13,29565,29610,,西单,T21
S405,22,12,29730,29780,,复兴门,T21
S405,22,11,29840,29866,,礼士路,T21
S405,22,10,29986,30016,,木樨地,T21
S405,22,9,30116,30166,,军博,T21
S405,22,8,30266,30307,,公主坟,T21
S405,22,7,30417,30452,,万寿路,T21
S405,22,6,30587,30622,,五棵松,T21
S405,22,5,30762,30792,,玉泉路,T21
S405,22,4,30912,30942,,八宝山,T21
S405,22,3,31092,31122,,八角村,T21
S405,22,2,31272,31302,,古城,T21
S405,22,1,31502,31502,,苹果园,T21
S405,32,23,28528,28528,,四惠东,T21
S405,32,22,28668,28698,,四惠,T21
S405,32,21,28841,28886,,大望路,T21
S405,32,20,29006,29051,,国贸,T21
S405,32,19,29136,29166,,永安里,T21
S405,32,18,29286,29331,,建国门,T21
S405,32,17,29441,29486,,东单,T21
S405,32,16,29571,29601,,王府井,T21
S405,32,15,29691,29717,,天东,T21
S405,32,14,29807,29833,,天西,T21
S405,32,13,29938,29983,,西单,T21
S405,32,12,30103,30153,,复兴门,T21
S405,32,11,30213,30239,,礼士路,T21
S405,32,10,30359,30389,,木樨地,T21
S405,32,9,30489,30539,,军博,T21
S405,32,8,30639,30680,,公主坟,T21
S405,32,7,30790,30825,,万寿路,T21
S405,32,6,30960,30995,,五棵松,T21
S405,32,5,31135,31165,,玉泉路,T21
S405,32,4,31285,31315,,八宝山,T21
S405,32,3,31465,31495,,八角村,T21
S405,32,2,31645,31675,,古城,T21
S405,32,1,31875,31875,,苹果园,T21
S405,24,23,28901,28901,,四惠东,T21
S405,24,22,29041,29071,,四惠,T21
S405,24,21,29214,29259,,大望路,T21
S405,24,20,29379,29424,,国贸,T21
S405,24,19,29509,29539,,永安里,T21
S405,24,18,29659,29704,,建国门,T21
S405,24,17,29814,29859,,东单,T21
S405,24,16,29944,29974,,王府井,T21
S405,24,15,30064,30090,,天东,T21
S405,24,14,30180,30206,,天西,T21
S405,24,13,30311,30356,,西单,T21
S405,24,12,30476,30526,,复兴门,T21
S405,24,11,30586,30612,,礼士路,T21
S405,24,10,30732,30762,,木樨地,T21
S405,24,9,30862,30912,,军博,T21
S405,24,8,31012,31053,,公主坟,T21
S405,24,7,31163,31198,,万寿路,T21
S405,24,6,31333,31368,,五棵松,T21
S405,24,5,31508,31538,,玉泉路,T21
S405,24,4,31658,31688,,八宝山,T21
S405,24,3,31838,31868,,八角村,T21
S405,24,2,32018,32048,,古城,T21
S405,24,1,32248,32248,,苹果园,T21
S405,22,23,29274,29274,,四惠东,T21
S405,22,22,29414,29444,,四惠,T21
S405,22,21,29587,29632,,大望路,T21
S405,22,20,29752,29797,,国贸,T21
S405,22,19,29882,29912,,永安里,T21
S405,22,18,30032,30077,,建国门,T21
S405,22,17,30187,30232,,东单,T21
S405,22,16,30317,30347,,王府井,T21
S405,22,15,30437,30463,,天东,T21
S405,22,14,30553,30579,,天西,T21
S405,22,13,30684,30729,,西单,T21
S405,22,12,30849,30899,,复兴门,T21
S405,22,11,30959,30985,,礼士路,T21
S405,22,10,31105,31135,,木樨地,T21
S405,22,9,31235,31285,,军博,T21
S405,22,8,31385,31426,,公主坟,T21
S405,22,7,31536,31571,,万寿路,T21
S405,22,6,31706,31741,,五棵松,T21
S405,22,5,31881,31911,,玉泉路,T21
S405,22,4,32031,32061,,八宝山,T21
S405,22,3,32211,32241,,八角村,T21
S405,22,2,32391,32421,,古城,T21
S405,22,1,32621,32621,,苹果园,T21
S405,32,23,29647,29647,,四惠东,T21
S405,32,22,29787,29817,,四惠,T21
S405,32,21,29960,30005,,大望路,T21
S405,32,20,30125,30170,,国贸,T21
S405,32,19,30255,30285,,永安里,T21
S405,32,18,30405,30450,,建国门,T21
S405,32,17,30560,30605,,东单,T21
S405,32,16,30690,30720,,王府井,T21
S405,32,15,30810,30836,,天东,T21
S405,32,14,30926,30952,,天西,T21
S405,32,13,31057,31102,,西单,T21
S405,32,12,31222,31272,,复兴门,T21
S405,32,11,31332,31358,,礼士路,T21
S405,32,10,31478,31508,,木樨地,T21
S405,32,9,31608,31658,,军博,T21
S405,32,8,31758,31799,,公主坟,T21
S405,32,7,31909,31944,,万寿路,T21
S405,32,6,32079,32114,,五棵松,T21
S405,32,5,32254,32284,,玉泉路,T21
S405,32,4,32404,32434,,八宝山,T21
S405,32,3,32584,32614,,八角村,T21
S405,32,2,32764,32794,,古城,T21
S405,32,1,32994,32994,,苹果园,T21
S405,24,23,30020,30020,,四惠东,T21
S405,24,22,30160,30190,,四惠,T21
S405,24,21,30333,30378,,大望路,T21
S405,24,20,30498,30543,,国贸,T21
S405,24,19,30628,30658,,永安里,T21
S405,24,18,30778,30823,,建国门,T21
S405,24,17,30933,30978,,东单,T21
S405,24,16,31063,31093,,王府井,T21
S405,24,15,31183,31209,,天东,T21
S405,24,14,31299,31325,,天西,T21
S405,24,13,31430,31475,,西单,T21
S405,24,12,31595,31645,,复兴门,T21
S405,24,11,31705,31731,,礼士路,T21
S405,24,10,31851,31881,,木樨地,T21
S405,24,9,31981,32031,,军博,T21
S405,24,8,32131,32172,,公主坟,T21
S405,24,7,32282,32317,,万寿路,T21
S405,24,6,32452,32487,,五棵松,T21
S405,24,5,32627,32657,,玉泉路,T21
S405,24,4,32777,32807,,八宝山,T21
S405,24,3,32957,32987,,八角村,T21
S405,24,2,33137,33167,,古城,T21
S405,24,1,33367,33367,,苹果园,T21
S405,22,23,30393,30393,,四惠东,T21
S405,22,22,30533,30563,,四惠,T21
S405,22,21,30706,30751,,大望路,T21
S405,22,20,30871,30916,,国贸,T21
S405,22,19,31001,31031,,永安里,T21
S405,22,18,31151,31196,,建国门,T21
S405,22,17,31306,31351,,东单,T21
S405,22,16,31436,31466,,王府井,T21
S405,22,15,31556,31582,,天东,T21
S405,22,14,31672,31698,,天西,T21
S405,22,13,31803,31848,,西单,T21
S405,22,12,31968,32018,,复兴门,T21
S405,22,11,32078,32104,,礼士路,T21
S405,22,10,32224,32254,,木樨地,T21
S405,22,9,32354,32404,,军博,T21
S405,22,8,32504,32545,,公主坟,T21
S405,22,7,32655,32690,,万寿路,T21
S405,22,6,32825,32860,,五棵松,T21
S405,22,5,33000,33030,,玉泉路,T21
S405,22,4,33150,33180,,八宝山,T21
S405,22,3,33330,33360,,八角村,T21
S405,22,2,33510,33540,,古城,T21
S405,22,1,33740,33740,,苹果园,T21
S405,32,23,30766,30766,,四惠东,T21
S405,32,22,30906,30936,,四惠,T21
S405,32,21,31079,31124,,大望路,T21
S405,32,20,31244,31289,,国贸,T21
S405,32,19,31374,31404,,永安里,T21
S405,32,18,31524,31569,,建国门,T21
S405,32,17,31679,31724,,东单,T21
S405,32,16,31809,31839,,王府井,T21
S405,32,15,31929,31955,,天东,T21
S405,32,14,32045,32071,,天西,T21
S405,32,13,32176,32221,,西单,T21
S405,32,12,32341,32391,,复兴门,T21
S405,32,11,32451,32477,,礼士路,T21
S405,32,10,32597,32627,,木樨地,T21
S405,32,9,32727,32777,,军博,T21
S405,32,8,32877,32918,,公主坟,T21
S405,32,7,33028,33063,,万寿路,T21
S405,32,6,33198,33233,,五棵松,T21
S405,32,5,33373,33403,,玉泉路,T21
S405,32,4,33523,33553,,八宝山,T21
S405,32,3,33703,33733,,八角村,T21
S405,32,2,33883,33913,,古城,T21
S405,32,1,34113,34113,,苹果园,T21
S405,24,23,31139,31139,,四惠东,T21
S405,24,22,31279,31309,,四惠,T21
S405,24,21,31452,31497,,大望路,T21
S405,24,20,31617,31662,,国贸,T21
S405,24,19,31747,31777,,永安里,T21
S405,24,18,31897,31942,,建国门,T21
S405,24,17,32052,32097,,东单,T21
S405,24,16,32182,32212,,王府井,T21
S405,24,15,32302,32328,,天东,T21
S405,24,14,32418,32444,,天西,T21
S405,24,13,32549,32594,,西单,T21
S405,24,12,32714,32764,,复兴门,T21
S405,24,11,32824,32850,,礼士路,T21
S405,24,10,32970,33000,,木樨地,T21
S405,24,9,33100,33150,,军博,T21
S405,24,8,33250,33291,,公主坟,T21
S405,24,7,33401,33436,,万寿路,T21
S405,24,6,33571,33606,,五棵松,T21
S405,24,5,33746,33776,,玉泉路,T21
S405,24,4,33896,33926,,八宝山,T21
S405,24,3,34076,34106,,八角村,T21
S405,24,2,34256,34286,,古城,T21
S405,24,1,34486,34486,,苹果园,T21
S405,22,23,31512,31512,,四惠东,T21
S405,22,22,31652,31682,,四惠,T21
S405,22,21,31825,31870,,大望路,T21
S405,22,20,31990,32035,,国贸,T21
S405,22,19,32120,32150,,永安里,T21
S405,22,18,32270,32315,,建国门,T21
S405,22,17,32425,32470,,东单,T21
S405,22,16,32555,32585,,王府井,T21
S405,22,15,32675,32701,,天东,T21
S405,22,14,32791,32817,,天西,T21
S405,22,13,32922,32967,,西单,T21
S405,22,12,33087,33137,,复兴门,T21
S405,22,11,33197,33223,,礼士路,T21
S405,22,10,33343,33373,,木樨地,T21
S405,22,9,33473,33523,,军博,T21
S405,22,8,33623,33664,,公主坟,T21
S405,22,7,33774,33809,,万寿路,T21
S405,22,6,33944,33979,,五棵松,T21
S405,22,5,34119,34149,,玉泉路,T21
S405,22,4,34269,34299,,八宝山,T21
S405,22,3,34449,34479,,八角村,T21
S405,22,2,34629,34659,,古城,T21
S405,22,1,34859,34859,,苹果园,T21
S405,32,23,31885,31885,,四惠东,T21
S405,32,22,32025,32055,,四惠,T21
S405,32,21,32198,32243,,大望路,T21
S405,32,20,32363,32408,,国贸,T21
S405,32,19,32493,32523,,永安里,T21
S405,32,18,32643,32688,,建国门,T21
S405,32,17,32798,32843,,东单,T21
S405,32,16,32928,32958,,王府井,T21
S405,32,15,33048,33074,,天东,T21
S405,32,14,33164,33190,,天西,T21
S405,32,13,33295,33340,,西单,T21
S405,32,12,33460,33510,,复兴门,T21
S405,32,11,33570,33596,,礼士路,T21
S405,32,10,33716,33746,,木樨地,T21
S405,32,9,33846,33896,,军博,T21
S405,32,8,33996,34037,,公主坟,T21
S405,32,7,34147,34182,,万寿路,T21
S405,32,6,34317,34352,,五棵松,T21
S405,32,5,34492,34522,,玉泉路,T21
S405,32,4,34642,34672,,八宝山,T21
S405,32,3,34822,34852,,八角村,T21
S405,32,2,35002,35032,,古城,T21
S405,32,1,35232,35232,,苹果园,T21
S405,24,23,32258,32258,,四惠东,T21
S405,24,22,32398,32428,,四惠,T21
S405,24,21,32571,32616,,大望路,T21
S405,24,20,32736,32781,,国贸,T21
S405,24,19,32866,32896,,永安里,T21
S405,24,18,33016,33061,,建国门,T21
S405,24,17,33171,33216,,东单,T21
S405,24,16,33301,33331,,王府井,T21
S405,24,15,33421,33447,,天东,T21
S405,24,14,33537,33563,,天西,T21
S405,24,13,33668,33713,,西单,T21
S405,24,12,33833,33883,,复兴门,T21
S405,24,11,33943,33969,,礼士路,T21
S405,24,10,34089,34119,,木樨地,T21
S405,24,9,34219,34269,,军博,T21
S405,24,8,34369,34410,,公主坟,T21
S405,24,7,34520,34555,,万寿路,T21
S405,24,6,34690,34725,,五棵松,T21
S405,24,5,34865,34895,,玉泉路,T21
S405,24,4,35015,35045,,八宝山,T21
S405,24,3,35195,35225,,八角村,T21
S405,24,2,35375,35405,,古城,T21
S405,24,1,35605,35605,,苹果园,T21
S405,22,23,32631,32631,,四惠东,T21
S405,22,22,32771,32801,,四惠,T21
S405,22,21,32944,32989,,大望路,T21
S405,22,20,33109,33154,,国贸,T21
S405,22,19,33239,33269,,永安里,T21
S405,22,18,33389,33434,,建国门,T21
S405,22,17,33544,33589,,东单,T21
S405,22,16,33674,33704,,王府井,T21
S405,22,15,33794,33820,,天东,T21
S405,22,14,33910,33936,,天西,T21
S405,22,13,34041,34086,,西单,T21
S405,22,12,34206,34256,,复兴门,T21
S405,22,11,34316,34342,,礼士路,T21
S405,22,10,34462,34492,,木樨地,T21
S405,22,9,34592,34642,,军博,T21
S405,22,8,34742,34783,,公主坟,T21
S405,22,7,34893,34928,,万寿路,T21
S405,22,6,35063,35098,,五棵松,T21
S405,22,5,35238,35268,,玉泉路,T21
S405,22,4,35388,35418,,八宝山,T21
S405,22,3,35568,35598,,八角村,T21
S405,22,2,35748,35778,,古城,T21
S405,22,1,35978,35978,,苹果园,T21
